condition: occ_lv4
elapsed_s: 171.4
max: 0.024507712904528092
mean: 0.005530505638826413
median: 0.004771694311586284
min: 0.00037172501708235907
mode: stereo
rmse: 0.00637555111166258
sse: 0.10222884472321625
std: 0.0031719330630281635
traj: traj2
