condition: snp_lv2
elapsed_s: 173.0
max: 0.058671911410266266
mean: 0.0058570403933355195
median: 0.005102868865468843
min: 0.00040612350448568303
mode: stereo
rmse: 0.0069337327748640485
sse: 0.12418198744909734
std: 0.0037110278931934753
traj: traj2
