condition: snp_lv7a2
elapsed_s: 170.0
max: 0.05611071146420142
mean: 0.008183597427447621
median: 0.007029111099342268
min: 0.00047010358667389716
mode: stereo
rmse: 0.009660886003897997
sse: 0.23538511575514737
std: 0.005134340417793201
traj: traj1
