condition: bright_lv3
elapsed_s: 167.8
max: 0.020796519395780973
mean: 0.006110683751126907
median: 0.005523047855983162
min: 0.00031235451053293227
mode: stereo
rmse: 0.006875713699976463
sse: 0.1274545832313827
std: 0.0031519808022508066
traj: traj1
