condition: blur_lv5c
elapsed_s: 174.1
max: 0.11577498407509718
mean: 0.00829115476848267
median: 0.006914733354565957
min: 0.0005544469233599422
mode: stereo
rmse: 0.010193493445665577
sse: 0.26236595428273835
std: 0.0059299292771410154
traj: traj1
