condition: bright_lv5c
elapsed_s: 173.7
max: 0.03238198766501102
mean: 0.0067603122982450295
median: 0.0059179981916486985
min: 0.0005075817258825312
mode: stereo
rmse: 0.007830313860641222
sse: 0.16842905023394417
std: 0.003951201435810007
traj: traj1
