condition: blur_lv4
elapsed_s: 174.2
max: 0.03145199345169655
mean: 0.007162995759291669
median: 0.006328627267308548
min: 0.00018928575498311913
mode: stereo
rmse: 0.00823122735272043
sse: 0.18672755388586876
std: 0.004055193643285429
traj: traj1
