condition: snp_lv7a1
elapsed_s: 172.5
max: 0.11362257484550198
mean: 0.008346303479209331
median: 0.00704310129999744
min: 0.00047747951793069004
mode: stereo
rmse: 0.010332942842015786
sse: 0.27343722161527145
std: 0.006091709613015339
traj: traj1
