condition: blur_ks7
elapsed_s: 174.6
max: 0.032098598720831914
mean: 0.006770134283561404
median: 0.006049797779049331
min: 0.0003942708724317035
mode: stereo
rmse: 0.007752453827751212
sse: 0.16112954868214205
std: 0.003777012329071874
traj: traj1
