condition: mblur_lv3b
elapsed_s: 170.2
max: 0.03758820652520638
mean: 0.006118372721450744
median: 0.005249980723252251
min: 0.0005200742204921089
mode: stereo
rmse: 0.007139682427461744
sse: 0.13090396734373547
std: 0.003679752764305426
traj: traj2
