condition: occ_lv2
elapsed_s: 172.5
max: 0.0198912531187142
mean: 0.005417029887743633
median: 0.004537205907070603
min: 0.0004181337534929206
mode: stereo
rmse: 0.006196883960023629
sse: 0.09657944759720533
std: 0.003009511257545042
traj: traj2
