condition: mblur_lv1
elapsed_s: 170.7
max: 0.022358974489446622
mean: 0.005271612180604603
median: 0.0046693120078237105
min: 0.00038730505222033196
mode: stereo
rmse: 0.005923465577457925
sse: 0.08873614700729493
std: 0.0027013976872408358
traj: traj2
