condition: snp_lv7a1
elapsed_s: 182.1
max: 0.04806896789333698
mean: 0.0062843837791473085
median: 0.005377850368445595
min: 0.0002461744369369603
mode: stereo
rmse: 0.007428588206686044
sse: 0.14105010653498026
std: 0.003961116415974816
traj: traj2
