condition: snp_lv7a4
elapsed_s: 189.0
max: 0.06821350934761987
mean: 0.0059366312685333565
median: 0.004947708406691264
min: 0.00020493940057768909
mode: stereo
rmse: 0.007805851510569731
sse: 0.129966500878201
std: 0.005068306125969087
traj: traj2
