condition: blur_lv5b4
elapsed_s: 178.9
max: 0.04480174145575768
mean: 0.011016749118066108
median: 0.009247077156479608
min: 0.0010499882501081624
mode: stereo
rmse: 0.01293265759810887
sse: 0.055695459639124395
std: 0.006773837274360282
traj: traj2
