condition: mblur_lv3
elapsed_s: 170.2
max: 0.02684251239033081
mean: 0.005828230220645966
median: 0.0052497440777589345
min: 0.0004130911431269654
mode: stereo
rmse: 0.00661817299792263
sse: 0.1131359523240064
std: 0.003135593456681093
traj: traj2
