condition: blur_lv5b1
elapsed_s: 169.9
max: 0.023446709644129725
mean: 0.005843475474855467
median: 0.00534998412275659
min: 0.0003607779614099981
mode: stereo
rmse: 0.006512045638999677
sse: 0.10864606379211049
std: 0.002874114259937725
traj: traj2
