condition: mblur_lv3
elapsed_s: 166.7
max: 0.05758692797832572
mean: 0.007821853506213339
median: 0.007063767204019205
min: 0.0003933329480555698
mode: stereo
rmse: 0.009180659353598167
sse: 0.22453392442838055
std: 0.004806569867810893
traj: traj1
