condition: mblur_lv2
elapsed_s: 166.5
max: 0.029657395679252206
mean: 0.0075438517633413206
median: 0.006836911041964105
min: 0.0003196114412185577
mode: stereo
rmse: 0.00860775427259231
sse: 0.19842221522721284
std: 0.004145326789296981
traj: traj1
