condition: mblur_lv3b1
elapsed_s: 169.9
max: 0.06341500870123211
mean: 0.006647246402298955
median: 0.00529763384254389
min: 0.00013840513292238772
mode: stereo
rmse: 0.008523883422258445
sse: 0.1824406939651896
std: 0.005335794585942746
traj: traj2
