condition: bright_lv2
elapsed_s: 178.0
max: 0.018877850559786354
mean: 0.005290972628370389
median: 0.0046903505153797626
min: 0.0004460844041594748
mode: stereo
rmse: 0.005900182570903369
sse: 0.0880399384017095
std: 0.0026110846435585407
traj: traj2
