condition: bright_lv4
elapsed_s: 167.9
max: 0.026421127752526263
mean: 0.006896313200834771
median: 0.0061144161868118265
min: 0.0004252418365271542
mode: stereo
rmse: 0.007838339717237238
sse: 0.1693274536048885
std: 0.0037256454150671452
traj: traj1
