condition: snp_lv7a3
elapsed_s: 187.1
max: 0.057958861788623
mean: 0.005407362676900672
median: 0.004543475246215374
min: 0.00011933217752475922
mode: stereo
rmse: 0.006918635969419209
sse: 0.10640950513472967
std: 0.004316011186014568
traj: traj2
