condition: bright_lv1
elapsed_s: 162.8
max: 0.06125218543749182
mean: 0.007704001982339245
median: 0.0063596351706383175
min: 0.00035223629731771534
mode: stereo
rmse: 0.009321696001035298
sse: 0.23183323558369417
std: 0.005248082487140463
traj: traj1
