condition: snp_lv7a3
elapsed_s: 177.5
max: 0.11095525264716453
mean: 0.0101148443657265
median: 0.00750953658186433
min: 0.00028640411867020347
mode: stereo
rmse: 0.014308155465841793
sse: 0.4542810311801957
std: 0.010119942504373688
traj: traj1
