condition: blur_lv5
elapsed_s: 173.5
max: 0.05193593331994099
mean: 0.007328018694797522
median: 0.006386231566943627
min: 0.0002958042189319843
mode: stereo
rmse: 0.008561828922107436
sse: 0.1966770855805211
std: 0.004427759760887371
traj: traj1
