condition: occ_lv2
elapsed_s: 167.6
max: 0.022603031118014004
mean: 0.0067378816608923715
median: 0.006170110578680281
min: 0.0003711868595683824
mode: stereo
rmse: 0.007663865562181841
sse: 0.15758556325799297
std: 0.003651819557290182
traj: traj1
