condition: clean
elapsed_s: 161.5
max: 0.1718420854674757
mean: 0.0071077002319155395
median: 0.005927346357058136
min: 5.450869294476094e-05
mode: mono
rmse: 0.010230937329424032
sse: 0.27706699215637987
std: 0.007358850185445409
traj: traj1
