condition: snp_lv7
elapsed_s: 182.0
max: 0.13414297431146185
mean: 0.005846170783355615
median: 0.004738651991667377
min: 0.00043053883224631
mode: stereo
rmse: 0.008254283115914769
sse: 0.1592953976534456
std: 0.0058271328223676875
traj: traj2
