condition: clean
elapsed_s: 184.0
max: 0.018150664068673435
mean: 0.005112470919318144
median: 0.004629947387653833
min: 0.0003271686815319147
mode: stereo
rmse: 0.005706406960774563
sse: 0.0823194672561963
std: 0.0025349006886074784
traj: traj2
