condition: bright_lv2
elapsed_s: 167.6
max: 0.024824329086248615
mean: 0.00620509973949658
median: 0.005544704756670814
min: 0.0003220422304700792
mode: stereo
rmse: 0.007090270993841048
sse: 0.13573424546848004
std: 0.0034305509745525143
traj: traj1
