condition: occ_lv3
elapsed_s: 167.9
max: 0.026571091827597468
mean: 0.0064495998817878505
median: 0.00572219022860939
min: 0.0004295185251224309
mode: stereo
rmse: 0.007435508148418507
sse: 0.14888730237805825
std: 0.003699924700590561
traj: traj1
