condition: blur_ks3
elapsed_s: 172.4
max: 0.03135848003152979
mean: 0.006364723212959105
median: 0.005909279875558646
min: 0.00023105457050980483
mode: stereo
rmse: 0.007139469234049772
sse: 0.13752251250675884
std: 0.003234550875525494
traj: traj1
