condition: snp_lv7b
elapsed_s: 189.1
max: 0.05138575836955856
mean: 0.00580711091924535
median: 0.004716408345332448
min: 0.00016084614969605758
mode: stereo
rmse: 0.007360522345586803
sse: 0.1155601578633497
std: 0.004522692999913223
traj: traj2
