condition: blur_lv5
elapsed_s: 169.9
max: 0.052267826044152865
mean: 0.006122995214422334
median: 0.0052172340242430506
min: 0.0005445578838872643
mode: stereo
rmse: 0.007382367416698139
sse: 0.13831934693747067
std: 0.0041241093922552
traj: traj2
