condition: clean
elapsed_s: 166.1
max: 0.05967416104342812
mean: 0.007032754599204751
median: 0.006345252016347149
min: 0.0005383163183483396
mode: mono
rmse: 0.008224438964850872
sse: 0.16876528373496041
std: 0.004264007391400925
traj: traj2
