condition: bright_lv6
elapsed_s: 164.5
max: 0.038949371347166244
mean: 0.00726611877934732
median: 0.006481934346984193
min: 0.0002770244440443282
mode: stereo
rmse: 0.008348506854303467
sse: 0.16992266760570607
std: 0.00411109286939229
traj: traj1
