condition: blur_lv2
elapsed_s: 168.7
max: 0.018033719607613692
mean: 0.005357076515401302
median: 0.004512613186285097
min: 0.00040231767343902505
mode: stereo
rmse: 0.006124842338522308
sse: 0.09438445327813663
std: 0.0029690781195332782
traj: traj2
