condition: bright_lv1
elapsed_s: 177.7
max: 0.06555714136840467
mean: 0.005604506619819519
median: 0.004792481699271231
min: 0.00044816911878330177
mode: stereo
rmse: 0.006732505345449447
sse: 0.11358853033562248
std: 0.0037304334567050752
traj: traj2
