condition: snp_lv3
elapsed_s: 178.1
max: 0.06849777815523794
mean: 0.007384398909171066
median: 0.006223542327987358
min: 0.0004251071257746334
mode: stereo
rmse: 0.00880694971432675
sse: 0.20786713356542244
std: 0.004799272447039572
traj: traj1
