condition: mblur_lv2
elapsed_s: 171.8
max: 0.02773413628145528
mean: 0.005907799088238433
median: 0.005078716592084426
min: 0.00025790032866802013
mode: stereo
rmse: 0.006914748911437094
sse: 0.12350292272873349
std: 0.003593280178503984
traj: traj2
