condition: clean
elapsed_s: 177.5
max: 0.02261034038181592
mean: 0.005936679307006649
median: 0.005425571814047316
min: 0.0001820968901017256
mode: stereo
rmse: 0.00681358528913327
sse: 0.12469740090629981
std: 0.0033437678295677718
traj: traj1
