condition: snp_lv7
elapsed_s: 177.6
max: 0.05919163842247608
mean: 0.007531776567232665
median: 0.006407371502067683
min: 0.0006514201615648117
mode: stereo
rmse: 0.008905045445985046
sse: 0.2061795694271534
std: 0.004751018431488553
traj: traj1
