condition: blur_lv2
elapsed_s: 172.5
max: 0.020743320233881903
mean: 0.006333355359490051
median: 0.005725135968975495
min: 0.0004992406726432522
mode: stereo
rmse: 0.0071846382555252235
sse: 0.13895842031454056
std: 0.003392290782520739
traj: traj1
