condition: snp_lv5
elapsed_s: 174.4
max: 0.030830710354787672
mean: 0.006081168172412647
median: 0.00535968098388335
min: 0.0004549857613647827
mode: stereo
rmse: 0.0069848549871392804
sse: 0.12601991851129446
std: 0.003436217811809942
traj: traj2
