condition: bright_lv4
elapsed_s: 176.5
max: 0.03269790228223525
mean: 0.005506927778317688
median: 0.004873714852773055
min: 0.0006036379973200369
mode: stereo
rmse: 0.0063056460261575395
sse: 0.0997607800642557
std: 0.0030716312037074676
traj: traj2
