condition: blur_lv5b
elapsed_s: 172.7
max: 0.04778379588875834
mean: 0.007536615867916056
median: 0.006659083180165719
min: 0.00043432057988941803
mode: stereo
rmse: 0.008773555389558374
sse: 0.2066016358820733
std: 0.004491625032560564
traj: traj1
