condition: occ_lv5
elapsed_s: 170.9
max: 0.026980719998840223
mean: 0.006290153092958935
median: 0.00550327573769333
min: 0.0006870566185199543
mode: stereo
rmse: 0.007077943415285579
sse: 0.12925099011416
std: 0.003245189833757595
traj: traj2
