condition: occ_lv5b
elapsed_s: 165.2
max: 0.03130286637312518
mean: 0.0072956032465816365
median: 0.006240733496491804
min: 0.00033615196282491867
mode: stereo
rmse: 0.00849584333834556
sse: 0.19827668551961508
std: 0.0043535648953677165
traj: traj1
