condition: blur_lv3
elapsed_s: 171.1
max: 0.02827869170504232
mean: 0.00542251850661932
median: 0.0047774810855856775
min: 0.00010892464706630585
mode: stereo
rmse: 0.006272231066976819
sse: 0.09909968316246634
std: 0.0031523286000859976
traj: traj2
