condition: occ_lv1
elapsed_s: 165.5
max: 0.02278751154720014
mean: 0.006248346855792081
median: 0.0056217638580901425
min: 0.0003904421279703374
mode: stereo
rmse: 0.00707188789878538
sse: 0.13403108385400542
std: 0.00331206280476387
traj: traj1
