condition: blur_lv1
elapsed_s: 172.8
max: 0.022215433148569712
mean: 0.0061076937723647745
median: 0.0055910895870312834
min: 0.0003774952596557005
mode: stereo
rmse: 0.0068833410938432885
sse: 0.1276901365352467
std: 0.0031743442468025206
traj: traj1
