condition: mblur_lv1
elapsed_s: 166.3
max: 0.025066935316889784
mean: 0.0061572313296859955
median: 0.005479317530164757
min: 0.0003589066154494896
mode: stereo
rmse: 0.007010789311661619
sse: 0.12990653377974076
std: 0.003352561576651804
traj: traj1
