condition: blur_lv4
elapsed_s: 171.5
max: 0.028963667266724395
mean: 0.005487813553917101
median: 0.0047724313545513515
min: 0.00043435497212618925
mode: stereo
rmse: 0.006317869593705639
sse: 0.10038742265072167
std: 0.0031303959175340763
traj: traj2
