condition: occ_lv5c
elapsed_s: 169.5
max: 0.04842997158274055
mean: 0.006239536281846557
median: 0.00531116013918058
min: 0.0005632278862992729
mode: stereo
rmse: 0.00732422919302338
sse: 0.13631025084398915
std: 0.003835690323717017
traj: traj2
