condition: occ_lv5c
elapsed_s: 167.1
max: 0.040068450041600215
mean: 0.007264864061040217
median: 0.006151087644204611
min: 0.00037749274656142666
mode: stereo
rmse: 0.008576042474334312
sse: 0.1995370927670633
std: 0.004557439489032456
traj: traj1
