condition: occ_lv5b
elapsed_s: 170.0
max: 0.0328504616556854
mean: 0.005767153270265521
median: 0.00495455617479387
min: 0.0003472025399794051
mode: stereo
rmse: 0.006655797204765577
sse: 0.11345136889970203
std: 0.003322586280028101
traj: traj2
