condition: occ_lv1
elapsed_s: 168.8
max: 0.017575499988081278
mean: 0.005654677737588191
median: 0.004868420704322984
min: 0.00037150751327816886
mode: stereo
rmse: 0.006417476764751614
sse: 0.10361896419373513
std: 0.003034572080236575
traj: traj2
