condition: snp_lv1
elapsed_s: 173.4
max: 0.02416235260119674
mean: 0.005628688136958358
median: 0.005057856207722104
min: 0.00036122782499827514
mode: stereo
rmse: 0.006374193476292242
sse: 0.10230720234753415
std: 0.002991356269331828
traj: traj2
