condition: snp_lv2
elapsed_s: 177.9
max: 0.05829772341489931
mean: 0.007648039244520329
median: 0.006567096134886966
min: 0.0005147246087437735
mode: stereo
rmse: 0.009092325432582992
sse: 0.22130861200363192
std: 0.00491710051618557
traj: traj1
