condition: occ_lv5
elapsed_s: 173.0
max: 0.02624731465395984
mean: 0.006529608710977215
median: 0.005820026849530907
min: 0.00046248970009033603
mode: stereo
rmse: 0.007475680197313999
sse: 0.1535182772511723
std: 0.0036400555619445093
traj: traj1
