condition: snp_lv7a2
elapsed_s: 186.1
max: 0.28783605463802436
mean: 0.010794590728506087
median: 0.007583702912541265
min: 0.0004588495360297478
mode: stereo
rmse: 0.020762212219183056
sse: 0.9737859016334965
std: 0.01773545227047917
traj: traj2
