condition: snp_lv1
elapsed_s: 177.6
max: 0.034415565810032765
mean: 0.007569985897736366
median: 0.006454036334967413
min: 0.000645413115834357
mode: stereo
rmse: 0.008913172823714746
sse: 0.21164054702832452
std: 0.004705312241868721
traj: traj1
