condition: snp_lv6
elapsed_s: 175.1
max: 0.054333056931184905
mean: 0.006151773983818141
median: 0.00530416361378944
min: 0.00021634449210988655
mode: stereo
rmse: 0.007215444983602507
sse: 0.13416543954446386
std: 0.0037707191838444918
traj: traj2
