condition: snp_lv4
elapsed_s: 174.9
max: 0.04352953815365364
mean: 0.006138144734154386
median: 0.005241535400342284
min: 0.00018414297861396505
mode: stereo
rmse: 0.007231883412987264
sse: 0.13509125567662114
std: 0.003824044576310938
traj: traj2
