condition: blur_lv3
elapsed_s: 174.3
max: 0.030232909949983507
mean: 0.00677648713561049
median: 0.006030255909651073
min: 0.0003740838949784882
mode: stereo
rmse: 0.00768318821516267
sse: 0.1563150972841793
std: 0.0036208567011855176
traj: traj1
