condition: blur_lv1
elapsed_s: 170.4
max: 0.01938982523792324
mean: 0.005170947602946895
median: 0.004667138348079772
min: 0.0002156320373121487
mode: stereo
rmse: 0.005749199020935644
sse: 0.08365787542667057
std: 0.0025128848501085616
traj: traj2
