condition: blur_lv5b3
elapsed_s: 179.1
max: 0.26143925837272025
mean: 0.017590652631369972
median: 0.011506590371727377
min: 0.0019390906773620287
mode: stereo
rmse: 0.029499546358609907
sse: 1.039916766259711
std: 0.023681050976809528
traj: traj2
