condition: blur_lv5b
elapsed_s: 171.1
max: 0.060146365054699814
mean: 0.005762548166041817
median: 0.004815233899247064
min: 0.000506637924331479
mode: stereo
rmse: 0.007469742129813189
sse: 0.1302303088321048
std: 0.0047529029150566665
traj: traj2
