condition: bright_lv3
elapsed_s: 178.0
max: 0.022901760017561508
mean: 0.005330738107120169
median: 0.004659448116108749
min: 0.00032905575179308175
mode: stereo
rmse: 0.006024612137190612
sse: 0.09153838943983994
std: 0.002806988178970711
traj: traj2
