condition: mblur_lv3b
elapsed_s: 167.3
max: 0.3326979509409813
mean: 0.009729653267646517
median: 0.007484859627710713
min: 0.0005007822895340599
mode: stereo
rmse: 0.017019939937191354
sse: 0.6926209479182527
std: 0.01396467696572236
traj: traj1
