condition: blur_lv5b2
elapsed_s: 171.5
max: 0.09823332657081307
mean: 0.006685596279276256
median: 0.004924578895893913
min: 6.015614687833835e-05
mode: stereo
rmse: 0.010514243421333329
sse: 0.23812322391345225
std: 0.008114931738072642
traj: traj2
