condition: bright_lv5d
elapsed_s: 173.6
max: 0.11125330178523564
mean: 0.007649446701929257
median: 0.006597145124820738
min: 0.00038999104185018864
mode: stereo
rmse: 0.009835386924891021
sse: 0.26660120791214637
std: 0.00618229739794689
traj: traj1
