condition: snp_lv4
elapsed_s: 177.0
max: 0.03495269746427704
mean: 0.007266338219369787
median: 0.006076110111551198
min: 0.00031128812888993394
mode: stereo
rmse: 0.00860022093274833
sse: 0.1971135272454
std: 0.004600448779609276
traj: traj1
