condition: occ_lv4
elapsed_s: 168.3
max: 0.029396924106908983
mean: 0.0063883353546891255
median: 0.0055769386268242245
min: 0.0002186287105151836
mode: stereo
rmse: 0.007345259255424065
sse: 0.14394615985642026
std: 0.003625190329544348
traj: traj1
