condition: snp_lv7a4
elapsed_s: 176.9
max: 0.03568768806626562
mean: 0.007356936481880731
median: 0.006242455287272193
min: 0.00039006004262622445
mode: stereo
rmse: 0.008721210458957865
sse: 0.20323101571513316
std: 0.0046834813409480395
traj: traj1
