condition: snp_lv5
elapsed_s: 177.5
max: 0.034334436232091044
mean: 0.007452846189301463
median: 0.0063593185082317875
min: 0.0002209453012490458
mode: stereo
rmse: 0.008930417326053562
sse: 0.21437432652377994
std: 0.004920105415140239
traj: traj1
