condition: snp_lv3
elapsed_s: 174.3
max: 0.027532533281019154
mean: 0.0059072176190281146
median: 0.005172208357605644
min: 0.0005806985061030664
mode: stereo
rmse: 0.006741390803631585
sse: 0.11738792196550621
std: 0.003248250293424495
traj: traj2
