condition: snp_lv6
elapsed_s: 176.2
max: 0.0475956756411514
mean: 0.00769323471901332
median: 0.006508532644635891
min: 0.00039260384249988707
mode: stereo
rmse: 0.009152378727659338
sse: 0.2308591962481528
std: 0.004957839845404367
traj: traj1
