condition: occ_lv3
elapsed_s: 172.1
max: 0.022162064400875862
mean: 0.005220426773617451
median: 0.004563837709617142
min: 0.00022130630126444048
mode: stereo
rmse: 0.005925494302411098
sse: 0.08841071350886828
std: 0.002803324281849048
traj: traj2
